4294967278,25
4294967278,21
4294967278,19
4294967279,15
4294967294,30
4294967294,1237
4294967294,1236
4294967294,1234
4294967294,1233
4294967294,1228
4294967294,1217
4294967294,1062
4294967294,1060
4294967294,1059
4294967294,1058
4294967294,1057
4294967294,60
4294967294,1159
4294967294,1155
4294967294,1082
4294967294,1079
4294967294,173
4294967294,12
4294967294,470
4294967278,6
4294967278,4
4294967279,124
4294967279,107
4294967279,100
4294967279,10
4294967294,461
4294967294,1433
4294967279,507
565,7
4294967294,1432
4294967278,400
565,6
565,5
565,4
565,3
565,2
565,1
4294967278,398
4294967278,397
4294967278,293
4294967279,125
4294967279,122
4294967279,511
4294967279,120
4294967279,229
4294967279,236
562,6
562,5
562,4
562,3
562,2
562,1
0,5
4294967278,214
559,7
559,6
559,5
559,4
559,3
559,2
559,1
4294967278,192
4294967279,188
4294967278,320
4294967278,432
4294967278,431
4294967278,16
4294967279,130
4294967279,115
4294967279,97
4294967279,93
4294967279,92
4294967279,310
4294967279,510
4294967279,478
4294967279,26
4294967279,454
4294967279,174
4294967279,509
4294967278,172
4294967278,166
555,5
555,4
555,3
555,2
555,1
4294967278,430
4294967279,504
553,6
553,5
553,4
553,3
553,2
553,1
4294967279,503
4294967278,340
4294967278,134
4294967279,430
4294967278,394
4294967278,12
4294967278,429
4294967279,501
4294967279,263
550,5
550,4
4294967279,262
550,3
550,2
550,1
4294967294,410
4294967294,113
4294967278,332
548,4
548,3
548,2
548,1
4294967279,480
547,6
547,5
547,4
547,3
547,2
547,1
546,5
546,4
546,3
546,2
546,1
545,5
545,4
545,3
545,2
545,1
544,5
544,4
544,3
544,2
544,1
4294967278,231
543,4
543,3
543,2
543,1
4294967279,442
4294967278,427
4294967279,402
4294967278,285
539,6
539,5
539,4
539,3
539,2
539,1
4294967279,394
4294967294,92
4294967294,88
4294967294,108
4294967294,26
4294967278,17
536,7
536,6
536,5
536,4
536,2
536,1
4294967279,482
4294967294,7
4294967278,387
4294967294,43
4294967294,25
4294967294,1249
4294967278,331
4294967294,82
4294967278,386
4294967294,93
4294967279,253
4294967294,95
4294967279,481
4294967278,244
4294967278,255
4294967279,113
4294967278,236
4294967279,111
4294967279,106
4294967278,428
4294967279,104
532,5
532,4
532,3
532,2
532,1
4294967278,313
530,6
530,5
530,4
530,2
530,1
4294967279,447
4294967278,229
527,5
527,4
527,3
527,2
527,1
4294967278,165
525,4
525,3
525,2
525,1
524,6
524,5
524,4
524,3
524,2
524,1
523,5
523,4
523,3
523,2
523,1
4294967294,430
522,5
522,4
522,3
522,2
522,1
4294967294,404
4294967278,275
4294967279,460
521,5
521,4
521,3
521,2
521,1
4294967294,161
520,4
520,3
520,2
520,1
4294967279,408
4294967279,479
4294967278,363
4294967279,476
519,7
4294967278,245
519,6
519,5
519,4
519,3
519,2
519,1
4294967278,226
4294967279,226
4294967278,224
4294967278,216
4294967279,472
4294967278,213
4294967279,90
4294967279,99
516,6
516,5
516,4
516,3
516,2
516,1
4294967279,87
4294967278,199
4294967278,198
4294967279,199
4294967278,197
4294967279,195
4294967278,193
4294967279,194
4294967294,1154
4294967294,1074
4294967294,1070
513,7
513,6
513,5
513,4
513,2
513,1
4294967279,423
4294967278,162
4294967278,426
4294967278,425
4294967278,55
4294967278,46
4294967278,40
4294967278,35
4294967278,31
4294967278,29
4294967278,288
4294967278,18
4294967278,10
4294967278,5
4294967279,128
4294967279,117
4294967279,109
4294967279,105
4294967279,103
4294967279,96
4294967279,89
4294967279,86
4294967279,292
4294967279,85
4294967279,83
4294967279,76
4294967279,74
4294967279,70
4294967279,68
4294967279,66
4294967279,64
4294967279,47
4294967279,41
4294967279,32
4294967279,30
4294967279,25
4294967279,24
4294967278,43
4294967278,243
4294967278,150
4294967279,150
4294967278,149
4294967279,441
4294967278,33
4294967278,424
4294967279,145
509,5
509,4
509,3
509,2
509,1
4294967278,364
4294967278,135
4294967278,133
4294967279,273
4294967294,110
4294967294,184
4294967278,264
507,6
507,5
507,4
507,2
507,1
4294967278,7
4294967278,258
4294967278,239
4294967278,257
4294967279,477
4294967278,235
4294967279,469
4294967278,237
504,5
504,4
504,3
504,2
504,1
502,4
502,3
502,2
502,1
501,6
501,5
501,4
501,3
501,2
501,1
500,5
4294967294,1248
4294967294,422
4294967294,1085
4294967294,182
500,4
500,3
500,2
500,1
4294967279,200
499,5
499,4
499,3
499,2
499,1
498,5
498,4
498,3
498,2
498,1
497,4
497,3
497,2
497,1
4294967278,380
4294967279,278
4294967278,227
4294967279,465
4294967294,469
4294967278,343
4294967279,444
496,7
4294967278,49
4294967279,49
4294967279,155
4294967278,151
496,6
496,5
496,4
496,3
496,2
496,1
4294967278,28
4294967279,458
4294967279,149
4294967278,34
4294967278,139
4294967278,138
4294967279,23
4294967278,22
4294967278,272
4294967279,274
4294967278,270
4294967279,287
493,6
493,5
493,4
4294967279,269
493,3
493,2
493,1
4294967278,263
4294967279,453
4294967279,397
4294967279,428
4294967279,427
4294967278,252
490,7
490,6
490,5
490,4
490,2
490,1
4294967279,448
4294967279,157
4294967278,228
4294967278,207
4294967279,138
4294967278,203
4294967279,417
4294967278,412
4294967278,302
4294967278,399
4294967278,314
4294967279,235
4294967279,121
4294967279,119
4294967279,118
4294967279,112
4294967279,231
4294967279,110
4294967279,98
4294967279,95
4294967279,84
4294967279,475
4294967279,72
4294967279,69
4294967279,67
4294967278,306
4294967279,134
4294967279,79
486,5
486,4
486,3
486,2
486,1
4294967279,319
484,6
484,5
484,4
484,2
484,1
4294967279,422
4294967279,474
4294967279,161
4294967279,160
4294967278,155
4294967278,219
4294967279,420
4294967279,147
481,5
481,4
481,3
481,2
481,1
4294967278,143
479,4
479,3
479,2
479,1
4294967278,217
4294967278,276
478,6
4294967294,455
4294967294,112
478,5
4294967294,1075
4294967294,1080
478,4
4294967279,290
478,3
478,2
478,1
4294967278,271
477,5
477,4
477,3
477,2
477,1
4294967278,319
476,5
476,4
476,3
476,2
476,1
4294967279,459
475,5
4294967279,316
475,4
475,3
475,2
475,1
4294967278,327
474,4
474,3
474,2
474,1
4294967279,245
4294967278,318
473,7
4294967279,312
4294967294,160
4294967294,458
473,6
473,5
473,4
473,3
473,2
473,1
4294967279,409
4294967279,499
470,6
470,5
470,4
470,3
470,2
470,1
4294967278,262
4294967279,175
4294967279,172
4294967279,309
4294967279,496
4294967278,159
4294967279,308
4294967278,158
4294967279,154
4294967278,153
467,7
4294967278,152
467,6
467,5
467,4
467,2
467,1
4294967279,313
4294967278,366
4294967279,307
4294967278,144
4294967279,144
4294967279,139
4294967279,136
4294967278,268
4294967279,401
4294967278,336
463,5
463,4
463,3
463,2
463,1
4294967278,294
4294967278,330
4294967279,306
461,6
461,5
461,4
461,2
461,1
4294967279,502
4294967279,214
4294967279,395
4294967278,206
458,5
458,4
458,3
458,2
458,1
456,4
456,3
456,2
456,1
455,6
4294967294,187
4294967294,399
4294967294,421
4294967294,1087
4294967294,178
4294967294,385
4294967294,1083
4294967294,1421
4294967294,167
4294967294,183
4294967294,398
4294967294,406
4294967294,415
4294967294,599
4294967294,400
4294967294,116
4294967279,304
455,5
4294967294,1073
455,4
455,3
455,2
455,1
4294967279,498
454,5
4294967279,181
454,4
454,3
454,2
454,1
453,5
453,4
453,3
453,2
453,1
4294967279,415
4294967279,421
452,5
4294967279,165
452,4
452,3
452,2
452,1
451,4
451,3
451,2
451,1
4294967279,497
4294967279,303
4294967279,301
4294967278,367
4294967279,299
4294967278,123
4294967278,377
4294967278,395
4294967278,120
4294967278,422
4294967278,110
4294967278,109
4294967278,104
4294967278,100
4294967278,98
4294967278,410
4294967278,95
4294967278,94
4294967278,89
4294967278,82
4294967278,77
4294967278,300
4294967278,73
4294967278,71
4294967278,69
4294967278,68
4294967278,67
4294967278,65
4294967278,61
4294967278,369
4294967278,56
4294967278,51
4294967278,50
4294967278,48
4294967278,44
4294967278,38
4294967278,26
4294967278,24
4294967278,23
4294967278,20
4294967278,15
4294967278,14
4294967278,13
4294967278,11
4294967278,9
4294967278,8
4294967279,132
4294967279,127
4294967279,416
4294967279,438
4294967279,78
4294967279,73
4294967279,71
4294967279,277
4294967279,63
4294967279,62
4294967279,58
4294967279,56
4294967279,53
4294967279,50
4294967279,45
4294967279,43
4294967279,39
4294967279,31
4294967279,16
4294967279,12
4294967279,27
4294967279,29
4294967278,316
450,7
4294967279,298
4294967278,315
4294967279,22
4294967279,20
450,6
450,5
450,4
450,3
450,2
450,1
4294967279,297
4294967279,14
4294967279,11
4294967294,451
4294967294,453
4294967278,396
447,6
447,5
4294967278,246
447,4
447,3
447,2
447,1
4294967278,423
4294967278,96
4294967279,204
444,7
444,6
444,5
444,4
444,2
444,1
4294967278,311
4294967278,310
4294967279,449
4294967279,293
